Cantidad de Regiones: 400 
Cantidad de Centros: 4000 
Los centros seleccionados son: 
     3294 
     768 
     1617 
     2874 
     202 
     311 
     2758 
     1199 
     1854 
     3068 
     412 
     1852 
     237 
     938 
     1131 
     2994 
     1284 
     2466 
     1534 
     2020 
     3070 
     2804 
     3591 
     90 
     685 
     1171 
     205 
     1830 
     2795 
     55 
     505 
     1484 
     2718 
     286 
     590 
     771 
     1204 
     1668 
     1861 
     44 
     810 
     1496 
     1673 
     2814 
     53 
     466 
     1889 
     1 
Con un costo total de: 1798 
