NAME: ch130 
49 
129 
70 
38 
40 
0 
15 
127 
104 
61 
111 
116 
2 
113 
107 
7 
17 
45 
79 
117 
19 
34 
53 
1 
16 
30 
33 
26 
18 
99 
115 
23 
14 
28 
94 
78 
37 
105 
57 
48 
52 
119 
59 
50 
41 
43 
39 
46 
36 
21 
22 
121 
54 
13 
9 
66 
95 
12 
32 
20 
92 
3 
91 
72 
98 
73 
74 
51 
8 
56 
55 
64 
102 
76 
80 
86 
11 
93 
88 
109 
97 
67 
62 
69 
96 
25 
6 
87 
68 
63 
85 
123 
128 
60 
108 
75 
10 
4 
44 
114 
27 
82 
29 
58 
120 
77 
89 
124 
84 
65 
125 
5 
101 
90 
71 
81 
100 
122 
110 
118 
83 
35 
31 
112 
24 
47 
42 
103 
106 
126 
