NAME : tsp225 
206 
48 
50 
56 
55 
54 
51 
52 
53 
69 
70 
71 
73 
74 
75 
215 
218 
216 
76 
77 
78 
79 
80 
94 
208 
93 
92 
91 
90 
89 
86 
209 
83 
82 
81 
84 
85 
130 
210 
129 
221 
128 
127 
126 
125 
124 
123 
122 
121 
120 
174 
119 
184 
118 
117 
185 
186 
116 
115 
222 
114 
113 
112 
111 
110 
109 
108 
107 
106 
105 
104 
219 
103 
102 
101 
100 
99 
98 
97 
96 
95 
220 
27 
203 
25 
24 
207 
23 
22 
12 
13 
14 
15 
16 
19 
202 
18 
17 
10 
11 
36 
35 
33 
32 
201 
29 
28 
205 
30 
31 
34 
37 
38 
39 
40 
41 
42 
43 
45 
193 
217 
192 
195 
191 
190 
198 
223 
132 
189 
224 
46 
1 
58 
57 
60 
59 
61 
62 
65 
64 
66 
67 
68 
72 
88 
87 
165 
164 
163 
214 
133 
134 
182 
135 
136 
137 
138 
158 
159 
160 
162 
157 
212 
161 
140 
141 
139 
200 
142 
143 
156 
155 
154 
153 
152 
147 
146 
145 
144 
148 
151 
150 
149 
211 
213 
166 
167 
168 
169 
171 
172 
180 
173 
179 
178 
175 
176 
177 
181 
170 
183 
187 
26 
204 
188 
49 
47 
44 
194 
196 
3 
197 
2 
0 
199 
4 
6 
5 
7 
8 
9 
21 
20 
63 
131 
