NAME : a280 
279 
0 
1 
2 
278 
242 
243 
244 
245 
246 
247 
248 
249 
250 
251 
252 
253 
254 
255 
256 
257 
258 
259 
260 
261 
262 
263 
264 
265 
266 
267 
268 
269 
270 
271 
272 
273 
274 
275 
276 
277 
3 
4 
5 
6 
7 
10 
9 
8 
11 
14 
12 
15 
16 
17 
131 
18 
130 
19 
129 
20 
128 
127 
153 
154 
152 
151 
150 
177 
178 
179 
180 
181 
182 
183 
184 
185 
186 
187 
188 
189 
190 
191 
192 
193 
194 
195 
196 
197 
198 
199 
200 
201 
202 
203 
204 
205 
206 
207 
208 
209 
210 
211 
212 
213 
214 
215 
216 
217 
218 
219 
220 
221 
222 
223 
224 
225 
226 
227 
228 
229 
230 
231 
232 
233 
234 
235 
236 
237 
238 
239 
240 
241 
139 
138 
137 
136 
135 
134 
133 
132 
22 
23 
13 
26 
25 
21 
24 
125 
126 
28 
27 
31 
30 
29 
32 
33 
34 
35 
36 
37 
39 
38 
46 
45 
44 
43 
55 
53 
51 
48 
47 
41 
40 
49 
54 
52 
50 
56 
67 
68 
69 
66 
65 
64 
63 
62 
61 
117 
60 
59 
42 
115 
85 
84 
112 
86 
83 
82 
81 
80 
79 
78 
75 
74 
73 
72 
71 
70 
57 
87 
111 
110 
109 
107 
103 
102 
101 
100 
99 
98 
97 
92 
93 
95 
94 
96 
91 
90 
89 
88 
108 
106 
105 
104 
172 
173 
174 
175 
176 
149 
148 
141 
140 
142 
144 
143 
145 
147 
155 
118 
119 
121 
120 
123 
122 
158 
157 
156 
116 
114 
113 
58 
76 
168 
170 
169 
165 
166 
167 
161 
160 
159 
