NAME : tsp225 
nodo de inicio: 17 
alfa = 0.100000 
Distancia después de la construcción: 10453.636998 
Ruta: 
 17  224  223  222  221  220  219  218  217  216  215  214  213  212  211  210  209  208  207  206  205  204  203  202  201  200  199  198  197  196  195  194  193  192  191  190  189  188  187  186  185  184  183  182  181  180  179  178  177  176  175  174  173  172  171  170  169  168  167  166  165  164  163  162  157  161  160  159  158  156  155  154  153  152  151  150  149  148  147  146  145  144  143  142  141  140  139  138  137  136  135  134  133  132  131  130  129  128  127  126  125  124  123  122  121  120  119  118  117  116  115  114  113  112  111  110  109  108  107  106  105  104  103  102  101  100  99  98  97  96  95  94  93  92  91  90  89  88  87  86  85  84  83  82  81  80  79  78  77  76  75  74  73  72  71  70  69  68  67  66  65  64  63  62  61  60  59  58  57  56  55  54  53  52  51  50  49  48  47  46  45  44  43  42  41  40  39  38  37  36  35  34  33  32  28  31  30  29  27  26  25  24  23  22  21  20  19  18  16  15  14  13  12  11  10  9  8  7  6  5  4  3  2  1  0 
NAME : tsp225 
nodo de inicio: 12 
alfa = 0.100000 
Distancia después de la construcción: 10547.498478 
Ruta: 
 12  224  223  222  221  220  219  218  217  216  215  214  213  212  211  210  209  208  207  206  205  204  203  202  201  200  199  198  197  196  195  194  193  192  191  190  189  188  187  186  185  184  183  182  181  180  179  178  177  176  175  174  173  172  171  170  169  168  167  166  165  164  163  162  161  160  159  158  157  156  155  154  153  152  151  150  149  148  147  146  145  144  143  142  141  140  139  138  137  136  135  134  133  132  131  130  129  128  127  126  125  124  123  122  121  120  119  118  117  116  115  114  113  112  111  110  109  108  107  106  105  104  103  102  101  100  99  98  97  96  95  94  93  92  91  90  89  88  87  86  85  84  83  82  81  80  79  78  77  76  75  74  73  72  71  70  69  68  67  66  65  64  63  62  61  60  59  58  57  56  55  54  53  52  51  50  49  48  47  46  45  44  43  42  41  40  39  38  37  36  35  34  33  32  28  31  30  29  27  26  25  24  23  22  21  20  19  18  17  16  15  14  13  11  10  9  8  7  6  5  4  3  2  1  0 
NAME : tsp225 
nodo de inicio: 223 
alfa = 0.100000 
Distancia después de la construcción: 10213.612926 
Ruta: 
 223  224  222  221  220  219  218  217  216  215  214  213  212  211  210  209  208  207  206  205  204  203  202  201  200  199  198  197  196  195  194  193  192  191  190  189  188  187  186  185  184  183  182  181  180  179  178  177  176  175  174  173  172  171  170  169  168  167  166  165  164  163  162  157  161  160  159  158  156  155  154  153  152  151  150  149  148  147  146  145  144  143  142  141  140  139  138  137  136  135  134  133  132  131  130  129  128  127  126  125  124  123  122  121  120  119  118  117  116  115  114  113  112  111  110  109  108  107  106  105  104  103  102  101  100  99  98  97  96  95  94  93  92  91  90  89  88  87  86  85  84  83  82  81  80  79  78  77  76  75  74  73  72  71  70  69  68  67  66  65  64  63  62  61  60  59  58  57  56  55  54  53  52  51  50  49  48  47  46  45  44  43  42  41  40  39  38  37  36  35  34  33  32  28  31  30  29  27  26  25  24  23  22  21  20  19  18  17  16  15  14  13  12  11  10  9  8  7  6  5  4  3  2  1  0 
NAME : tsp225 
nodo de inicio: 83 
alfa = 0.100000 
Distancia después de la construcción: 10606.545662 
Ruta: 
 83  224  223  222  221  220  219  218  217  216  215  214  213  212  211  210  209  208  207  206  205  204  203  202  201  200  199  198  197  196  195  194  193  192  191  190  189  188  187  186  185  184  183  182  181  180  179  178  177  176  175  174  173  172  171  170  169  168  167  166  165  164  163  162  157  161  160  159  158  156  155  154  153  152  151  150  149  148  147  146  145  144  143  142  141  140  139  138  137  136  135  134  133  132  131  130  129  128  127  126  125  124  123  122  121  120  119  118  117  116  115  114  113  112  111  110  109  108  107  106  105  104  103  102  101  100  99  98  97  96  95  94  93  92  91  90  89  88  87  86  85  84  82  81  80  79  78  77  76  75  74  73  72  71  70  69  68  67  66  65  64  63  62  61  60  59  58  57  56  55  54  53  52  51  50  49  48  47  46  45  44  43  42  41  40  39  38  37  36  35  34  33  32  28  31  30  29  27  26  25  24  23  22  21  20  19  18  17  16  15  14  13  12  11  10  9  8  7  6  5  4  3  2  1  0 
NAME : tsp225 
nodo de inicio: 152 
alfa = 0.100000 
Distancia después de la construcción: 10752.361328 
Ruta: 
 152  224  223  222  221  220  219  218  217  216  215  214  213  212  211  210  209  208  207  206  205  204  203  202  201  200  199  198  197  196  195  194  193  192  191  190  189  188  187  186  185  184  183  182  181  180  179  178  177  176  175  174  173  172  171  170  169  168  167  166  165  164  163  162  161  160  159  158  157  156  155  154  153  151  150  149  148  147  146  145  144  143  142  141  140  139  138  137  136  135  134  133  132  131  130  129  128  127  126  125  124  123  122  121  120  119  118  117  116  115  114  113  112  111  110  109  108  107  106  105  104  103  102  101  100  99  98  97  96  95  94  93  92  91  90  89  88  87  86  85  84  83  82  81  80  79  78  77  76  75  74  73  72  71  70  69  68  67  66  65  64  63  62  61  60  59  58  57  56  55  54  53  52  51  50  49  48  47  46  45  44  43  42  41  40  39  38  37  36  35  34  33  32  31  30  29  28  27  26  25  24  23  22  21  20  19  18  17  16  15  14  13  12  11  10  9  8  7  6  5  4  3  2  1  0 
---------------------------------------------------------------------------------------------- 
NAME : tsp225 
nodo de inicio: 152 
alfa = 0.100000 
Distancia después de la búsqueda local: 5660.302793 
Ruta: 
 223  191  190  224  58  87  88  104  126  163  164  134  133  129  95  78  77  76  30  205  215  31  34  201  75  72  50  48  198  195  192  47  132  206  1  46  26  187  186  185  184  174  120  170  181  180  179  177  176  175  178  173  172  171  168  169  149  167  211  213  165  212  157  162  161  160  140  158  159  155  154  153  152  151  150  148  147  146  145  144  156  143  142  200  141  139  138  137  136  135  182  214  131  210  130  221  128  127  166  125  124  123  122  121  183  119  118  117  116  222  114  113  112  111  110  109  108  107  106  105  219  103  102  101  100  99  98  97  96  94  208  93  92  91  90  89  86  209  83  85  84  81  82  220  80  79  216  218  74  73  43  45  44  71  70  69  68  67  66  65  64  63  62  61  115  59  60  57  56  55  54  53  52  51  49  189  188  204  217  193  194  5  42  41  40  39  10  11  35  36  37  38  32  33  27  29  28  203  25  24  207  23  22  21  20  19  18  202  17  16  14  15  13  12  9  8  4  7  6  197  0  199  2  3  196 
El mejor resultado obtenido en las iteraciones 10213.612926 
---------------------------------------------------------------------------------------------- 
NAME : a280 
nodo de inicio: 43 
alfa = 0.100000 
Distancia después de la construcción: 3884.653171 
Ruta: 
 43  279  278  277  276  275  274  273  272  271  270  269  268  134  267  135  266  136  265  139  137  147  264  263  262  261  260  259  258  257  256  255  254  253  252  207  251  210  250  229  227  211  223  249  248  247  246  245  238  244  243  242  241  240  239  237  236  231  235  234  233  232  230  228  226  225  224  222  221  218  220  219  217  216  215  214  213  212  209  206  208  205  204  203  202  201  200  197  199  143  145  198  196  193  195  194  192  191  190  189  188  187  186  184  185  183  182  181  180  179  178  177  150  176  175  157  174  173  172  170  171  169  168  99  167  166  165  164  163  162  161  160  159  158  156  155  154  152  151  153  149  148  146  144  142  141  140  138  133  132  17  131  130  19  129  20  128  127  126  125  124  29  123  122  121  120  119  118  117  116  115  114  113  110  112  111  109  108  107  106  105  104  103  102  101  100  98  97  92  96  93  95  94  91  90  89  88  87  81  86  85  84  64  83  82  80  79  78  76  74  72  77  75  73  71  70  69  68  67  66  65  63  62  61  60  59  58  57  56  55  44  54  45  53  52  51  48  50  49  36  47  46  42  41  40  39  38  37  34  35  33  32  31  30  28  27  26  25  24  23  22  21  18  16  15  14  13  12  11  10  9  8  7  6  5  4  3  2  1  0 
NAME : a280 
nodo de inicio: 142 
alfa = 0.100000 
Distancia después de la construcción: 3520.615048 
Ruta: 
 142  279  278  277  276  275  274  273  272  271  270  269  268  267  266  136  265  137  135  264  263  262  261  260  259  258  257  256  253  251  255  254  252  212  250  229  227  211  223  249  248  247  246  245  244  243  242  241  240  239  238  237  236  235  232  234  233  231  230  228  226  225  224  222  221  218  216  220  219  217  215  214  213  210  209  208  207  206  205  204  203  202  201  199  200  196  198  197  195  194  193  192  191  190  189  188  187  186  185  184  183  182  181  180  179  178  177  150  151  176  175  174  173  172  104  171  170  169  168  99  167  166  165  164  163  162  161  160  159  158  157  156  155  154  153  152  149  148  147  138  146  141  145  144  143  140  139  134  133  132  17  131  130  129  20  128  127  126  125  124  29  31  123  122  121  120  119  118  117  116  115  114  113  110  112  111  109  108  107  106  105  103  102  101  100  98  97  96  95  94  93  92  91  90  89  88  87  81  86  85  84  83  82  80  79  78  77  76  75  74  73  72  71  70  69  68  67  66  65  64  63  62  61  60  59  58  57  56  55  54  45  53  46  52  47  51  50  49  48  44  43  42  41  40  39  38  37  36  35  34  33  32  30  28  27  26  25  24  23  22  21  19  18  16  15  14  13  12  11  10  9  8  7  6  5  4  3  2  1  0 
NAME : a280 
nodo de inicio: 147 
alfa = 0.100000 
Distancia después de la construcción: 3755.660492 
Ruta: 
 147  168  279  278  277  276  275  274  273  272  271  270  269  268  134  267  135  266  265  137  264  263  262  261  260  259  258  257  256  255  254  253  252  251  250  229  230  249  248  247  246  245  244  239  243  242  241  240  238  237  236  231  235  234  233  232  228  227  226  225  224  223  222  221  218  220  219  217  214  216  215  213  210  212  211  209  208  207  206  205  204  203  202  201  199  198  143  141  200  195  193  197  196  194  192  191  190  189  188  187  186  184  185  183  182  181  180  179  178  177  176  150  175  174  173  172  104  170  171  169  101  167  166  165  164  163  162  161  160  159  158  157  156  155  154  153  152  151  149  148  146  145  144  142  140  139  138  136  133  132  17  131  130  19  129  20  128  127  126  125  124  123  122  121  120  119  118  117  116  115  114  113  112  111  110  109  108  107  106  105  103  102  100  99  98  97  92  96  93  95  94  91  90  89  88  87  86  85  84  83  82  81  80  79  78  77  76  75  74  73  72  71  70  69  68  67  66  65  64  63  62  61  60  59  41  58  43  55  57  56  54  45  53  46  52  47  51  48  50  49  44  40  38  42  39  37  36  35  34  33  32  30  31  29  28  27  26  25  24  23  22  21  18  16  15  14  11  9  13  12  10  8  7  6  5  4  3  2  1  0 
NAME : a280 
nodo de inicio: 247 
alfa = 0.100000 
Distancia después de la construcción: 3479.333178 
Ruta: 
 247  279  278  277  276  275  274  273  272  271  270  269  133  268  134  267  266  136  265  139  137  135  264  263  262  261  260  259  258  257  256  253  251  255  254  252  250  229  230  227  211  223  249  248  246  245  238  244  243  242  241  240  239  237  236  235  234  233  232  231  228  226  225  224  222  221  220  219  218  217  214  216  215  213  212  210  209  208  207  206  205  204  203  202  201  200  195  199  198  144  146  197  196  194  193  192  191  190  189  188  187  186  184  185  183  182  181  180  175  179  178  177  150  176  174  173  172  170  171  169  168  99  167  166  165  164  163  162  161  160  159  158  157  156  155  154  152  151  153  149  148  147  145  141  143  142  140  138  132  17  131  18  130  129  20  128  127  126  125  124  29  123  122  121  120  119  118  117  116  115  114  113  110  112  111  109  108  107  106  105  104  103  102  101  100  98  97  92  96  95  94  93  91  90  89  88  87  81  86  85  84  64  83  82  80  79  78  77  76  75  74  73  72  71  70  69  68  67  66  65  63  62  61  60  59  58  43  55  53  57  56  54  52  51  50  49  48  47  46  45  44  40  38  42  41  39  37  36  35  34  33  32  30  31  28  27  26  25  24  23  22  21  19  16  15  14  11  13  12  10  9  8  7  6  5  4  3  2  1  0 
NAME : a280 
nodo de inicio: 35 
alfa = 0.100000 
Distancia después de la construcción: 4123.976807 
Ruta: 
 35  279  278  277  276  275  274  273  272  271  270  269  133  268  267  266  265  137  147  264  139  263  262  261  260  259  258  257  256  253  255  254  252  251  210  224  250  229  227  211  223  249  248  247  246  245  230  244  239  243  242  241  240  238  237  236  231  235  234  233  232  226  228  225  217  222  221  220  219  218  216  215  212  214  213  209  208  207  206  205  204  203  202  201  200  195  199  198  197  196  194  193  192  191  190  189  188  187  186  185  184  183  182  181  180  175  179  178  177  176  118  174  173  172  170  171  169  168  102  80  167  166  165  164  163  162  161  160  159  158  157  156  155  154  153  152  151  150  149  148  146  141  145  142  144  143  140  138  136  135  134  132  131  130  129  20  128  127  126  125  124  123  122  121  120  119  59  58  41  37  117  60  42  38  116  115  114  113  110  112  111  109  108  107  106  105  104  103  101  100  99  98  97  92  96  95  94  93  91  90  89  88  87  81  86  85  84  64  83  82  73  79  78  76  74  72  77  75  71  70  69  68  67  66  65  63  62  61  57  56  55  44  54  53  52  47  51  50  49  48  46  45  43  40  39  36  34  33  32  31  30  29  28  27  26  25  24  23  22  21  19  18  17  16  15  14  13  12  11  10  9  8  7  6  5  4  3  2  1  0 
NAME : a280 
nodo de inicio: 41 
alfa = 0.100000 
Distancia después de la construcción: 3893.342487 
Ruta: 
 41  279  278  277  276  275  274  273  272  271  270  269  268  267  266  265  139  147  264  263  262  261  260  259  258  257  256  255  254  253  252  251  250  229  227  223  249  248  247  246  245  230  244  243  242  241  240  239  238  237  236  231  235  234  233  232  228  226  225  224  222  221  220  219  218  217  214  212  206  216  215  213  211  210  209  208  207  205  204  203  202  201  200  199  198  197  196  193  195  194  192  191  190  189  188  187  186  184  185  183  182  181  180  175  179  178  177  150  151  176  118  123  113  43  174  173  172  104  171  170  169  168  99  167  166  165  164  163  162  161  160  159  158  157  156  155  154  152  153  149  148  146  145  142  144  143  141  140  138  137  136  135  134  133  132  131  130  19  129  20  128  127  126  125  124  30  122  121  120  119  59  117  116  115  114  112  111  110  109  108  107  106  105  103  102  101  100  98  97  96  93  95  94  92  91  90  89  88  87  86  85  84  64  83  82  81  80  79  78  77  76  75  74  73  72  71  70  69  68  67  66  65  63  62  61  60  58  57  56  55  44  54  53  46  52  47  51  48  50  49  45  42  40  39  38  37  36  35  34  33  32  31  29  28  27  26  25  24  23  22  21  18  17  16  15  14  13  12  11  10  9  8  7  6  5  4  3  2  1  0 
---------------------------------------------------------------------------------------------- 
NAME : a280 
nodo de inicio: 41 
alfa = 0.100000 
Distancia después de la búsqueda local: 3122.678970 
Ruta: 
 247  2  278  277  276  275  274  273  272  271  270  269  134  133  268  267  266  265  136  138  140  139  264  263  262  261  260  259  258  257  255  256  254  253  251  208  209  227  232  231  230  250  249  248  246  245  239  244  243  242  241  240  238  237  236  235  234  233  226  229  228  224  225  223  222  221  220  219  218  217  216  214  215  212  211  210  213  206  207  252  205  204  203  202  201  195  200  199  143  144  198  197  196  194  193  192  191  190  189  188  187  186  185  184  183  182  181  180  175  179  178  177  150  176  159  173  172  171  170  169  168  99  167  166  165  164  163  162  161  160  174  158  157  156  155  152  153  154  151  149  148  147  146  145  141  142  137  135  132  131  18  19  130  129  20  127  128  126  125  29  124  123  122  121  120  119  118  117  116  115  114  113  112  110  111  109  108  107  106  105  104  103  102  101  100  98  97  92  96  95  94  93  91  90  89  88  87  82  86  85  64  84  83  81  80  79  78  77  76  74  75  73  72  71  70  69  68  67  66  65  63  62  61  60  59  58  57  56  55  43  44  46  47  51  50  49  48  52  53  54  45  42  40  41  39  38  37  36  35  34  33  32  31  30  28  27  26  25  21  22  23  24  17  16  15  14  13  12  11  10  9  7  8  6  5  4  3  0  279  1 
El mejor resultado obtenido en las iteraciones 3479.333178 
---------------------------------------------------------------------------------------------- 
NAME: ch130 
nodo de inicio: 52 
alfa = 0.100000 
Distancia después de la construcción: 48293.202665 
Ruta: 
 52  129  128  127  126  125  124  123  122  121  120  119  118  117  116  115  114  113  112  111  110  109  108  107  106  105  104  103  102  101  100  99  98  97  96  95  94  93  92  91  90  89  88  87  86  85  84  83  82  81  80  79  78  77  76  75  74  73  72  71  70  69  68  67  66  65  64  63  62  61  60  59  58  57  56  55  54  53  51  50  49  48  47  46  45  44  43  42  41  40  39  38  37  36  35  34  33  32  31  30  29  28  27  26  25  24  23  22  21  20  19  18  17  16  15  14  13  12  11  10  9  8  7  6  5  4  3  2  1  0 
NAME: ch130 
nodo de inicio: 16 
alfa = 0.100000 
Distancia después de la construcción: 47784.741557 
Ruta: 
 16  129  128  127  126  125  124  123  122  121  120  119  118  117  116  115  114  113  112  111  110  109  108  107  106  105  104  103  102  101  100  99  98  97  96  95  94  93  92  91  90  89  88  87  86  85  84  83  82  81  80  79  78  77  76  75  74  73  72  71  70  69  68  67  66  65  64  63  62  61  60  59  58  57  56  55  54  53  52  51  50  49  48  47  46  45  44  43  42  41  40  39  38  37  36  35  34  33  32  31  30  29  28  27  26  25  24  23  22  21  20  19  18  17  15  14  13  12  11  10  9  8  7  6  5  4  3  2  1  0 
NAME: ch130 
nodo de inicio: 102 
alfa = 0.100000 
Distancia después de la construcción: 48316.700708 
Ruta: 
 102  129  128  127  126  125  124  123  122  121  120  119  118  117  116  115  114  113  112  111  110  109  108  107  106  105  104  103  101  100  99  98  97  96  95  94  93  92  91  90  89  88  87  86  85  84  83  82  81  80  79  78  77  76  75  74  73  72  71  70  69  68  67  66  65  64  63  62  61  60  59  58  57  56  55  54  53  52  51  50  49  48  47  46  45  44  43  42  41  40  39  38  37  36  35  34  33  32  31  30  29  28  27  26  25  24  23  22  21  20  19  18  17  16  15  14  13  12  11  10  9  8  7  6  5  4  3  2  1  0 
NAME: ch130 
nodo de inicio: 68 
alfa = 0.100000 
Distancia después de la construcción: 48033.328132 
Ruta: 
 68  129  128  127  126  125  124  123  122  121  120  119  118  117  116  115  114  113  112  111  110  109  108  107  106  105  104  103  102  101  100  99  98  97  96  95  94  93  92  91  90  89  88  87  86  85  84  83  82  81  80  79  78  77  76  75  74  73  72  71  70  69  67  66  65  64  63  62  61  60  59  58  57  56  55  54  53  52  51  50  49  48  47  46  45  44  43  42  41  40  39  38  37  36  35  34  33  32  31  30  29  28  27  26  25  24  23  22  21  20  19  18  17  16  15  14  13  12  11  10  9  8  7  6  5  4  3  2  1  0 
NAME: ch130 
nodo de inicio: 19 
alfa = 0.100000 
Distancia después de la construcción: 48043.029110 
Ruta: 
 19  129  128  127  126  125  124  123  122  121  120  119  118  117  116  115  114  113  112  111  110  109  108  107  106  105  104  103  102  101  100  99  98  97  96  95  94  93  92  91  90  89  88  87  86  85  84  83  82  81  80  79  78  77  76  75  74  73  72  71  70  69  68  67  66  65  64  63  62  61  60  59  58  57  56  55  54  53  52  51  50  49  48  47  46  45  44  43  42  41  40  39  38  37  36  35  34  33  32  31  30  29  28  27  26  25  24  23  22  21  20  18  17  16  15  14  13  12  11  10  9  8  7  6  5  4  3  2  1  0 
---------------------------------------------------------------------------------------------- 
NAME: ch130 
nodo de inicio: 19 
alfa = 0.100000 
Distancia después de la búsqueda local: 14146.981137 
Ruta: 
 16  0  10  108  60  126  76  122  81  56  8  98  119  59  50  21  125  29  82  114  61  4  75  44  104  111  116  79  117  78  11  86  80  102  90  101  9  13  121  46  36  53  33  26  18  99  14  88  93  35  83  30  27  84  124  113  107  7  17  2  127  15  40  115  23  128  123  87  6  96  25  34  54  5  71  64  51  74  73  72  94  28  62  69  106  3  41  43  38  63  85  68  103  42  37  91  55  100  110  118  31  112  24  47  67  97  109  1  45  39  22  105  57  48  52  95  66  12  65  89  58  77  120  32  20  92  19  49  70  129 
El mejor resultado obtenido en las iteraciones 47784.741557 
---------------------------------------------------------------------------------------------- 
NAME : pr76 
nodo de inicio: 70 
alfa = 0.100000 
Distancia después de la construcción: 186652.305663 
Ruta: 
 70  75  74  73  72  71  69  68  67  66  65  64  63  62  61  60  59  58  57  56  55  54  53  52  51  50  49  48  47  46  45  44  43  42  41  40  39  38  37  36  35  34  33  32  31  30  29  28  27  26  25  24  23  22  21  20  19  18  17  16  15  14  13  12  11  10  9  8  7  6  5  4  3  2  1  0 
NAME : pr76 
nodo de inicio: 15 
alfa = 0.100000 
Distancia después de la construcción: 168532.680042 
Ruta: 
 15  75  74  73  72  71  70  69  68  67  66  65  64  63  62  61  60  59  58  57  56  55  54  53  52  51  50  49  48  47  46  45  44  43  42  41  40  39  38  37  36  35  34  33  32  31  30  29  28  27  26  25  24  23  22  21  20  19  18  17  16  14  13  12  11  10  9  8  7  6  5  4  3  2  1  0 
NAME : pr76 
nodo de inicio: 20 
alfa = 0.100000 
Distancia después de la construcción: 158173.608547 
Ruta: 
 20  75  74  73  72  71  70  69  68  67  66  65  64  63  62  61  60  59  58  57  56  55  54  53  52  51  50  49  48  47  46  45  44  43  42  41  40  39  38  37  36  35  34  33  32  31  30  29  28  27  26  25  24  23  22  21  19  18  17  16  15  14  13  12  11  10  9  8  7  6  5  4  3  2  1  0 
NAME : pr76 
nodo de inicio: 71 
alfa = 0.100000 
Distancia después de la construcción: 188419.383218 
Ruta: 
 71  75  74  73  72  70  69  68  67  66  65  64  63  62  61  60  59  58  57  56  55  54  53  52  51  50  49  48  47  46  45  44  43  42  41  40  39  38  37  36  35  34  33  32  31  30  29  28  27  26  25  24  23  22  21  20  19  18  17  16  15  14  13  12  11  10  9  8  7  6  5  4  3  2  1  0 
NAME : pr76 
nodo de inicio: 61 
alfa = 0.100000 
Distancia después de la construcción: 179916.515786 
Ruta: 
 61  75  74  73  72  71  70  69  68  67  66  65  64  63  62  60  59  58  57  56  55  54  53  52  51  50  49  48  47  46  45  44  43  42  41  40  39  38  37  36  35  34  33  32  31  30  29  28  27  26  25  24  23  22  21  20  19  18  17  16  15  14  13  12  11  10  9  8  7  6  5  4  3  2  1  0 
NAME : pr76 
nodo de inicio: 62 
alfa = 0.100000 
Distancia después de la construcción: 180892.992970 
Ruta: 
 62  75  74  73  72  71  70  69  68  67  66  65  64  63  61  60  59  58  57  56  55  54  53  52  51  50  49  48  47  46  45  44  43  42  41  40  39  38  37  36  35  34  33  32  31  30  29  28  27  26  25  24  23  22  21  20  19  18  17  16  15  14  13  12  11  10  9  8  7  6  5  4  3  2  1  0 
---------------------------------------------------------------------------------------------- 
NAME : pr76 
nodo de inicio: 62 
alfa = 0.100000 
Distancia después de la búsqueda local: 157685.782691 
Ruta: 
 20  75  74  73  72  71  70  69  68  67  66  65  64  63  62  61  60  59  58  57  56  55  54  53  52  51  50  49  48  47  46  45  44  43  42  41  40  39  38  37  36  35  34  33  32  31  30  29  28  27  26  25  24  23  21  22  19  18  17  16  15  14  13  12  11  10  9  8  7  6  5  4  3  2  1  0 
El mejor resultado obtenido en las iteraciones 158173.608547 
---------------------------------------------------------------------------------------------- 
NAME: lin105 
nodo de inicio: 46 
alfa = 0.100000 
Distancia después de la construcción: 36538.797264 
Ruta: 
 46  104  103  102  101  100  99  98  97  96  95  94  93  92  91  90  89  88  87  86  85  84  83  82  81  80  79  78  77  76  75  74  73  72  71  70  69  68  67  66  65  64  63  62  61  60  59  58  57  56  55  54  53  52  51  50  49  48  47  45  44  43  42  41  40  39  38  37  36  35  34  33  32  31  30  29  28  27  26  25  24  23  22  21  20  19  18  17  16  15  14  13  12  11  10  9  8  7  6  5  4  3  2  1  0 
NAME: lin105 
nodo de inicio: 57 
alfa = 0.100000 
Distancia después de la construcción: 36412.397161 
Ruta: 
 57  104  103  102  101  100  99  98  97  96  95  94  93  92  91  90  89  88  87  86  85  84  83  82  81  80  79  78  77  76  75  74  73  72  71  70  69  68  67  66  65  64  63  62  61  60  59  58  56  55  54  53  52  51  50  49  48  47  46  45  44  43  42  41  40  39  38  37  36  35  34  33  32  31  30  29  28  27  26  25  24  23  22  21  20  19  18  17  16  15  14  13  12  11  10  9  8  7  6  5  4  3  2  1  0 
NAME: lin105 
nodo de inicio: 39 
alfa = 0.100000 
Distancia después de la construcción: 35638.574993 
Ruta: 
 39  104  103  102  101  100  99  98  97  96  95  94  93  92  91  90  89  88  87  86  85  84  83  82  81  80  79  78  77  76  75  74  73  72  71  70  69  68  67  66  65  64  63  62  61  60  59  58  57  56  55  54  53  52  51  50  49  48  47  46  45  44  43  42  41  40  38  37  36  35  34  33  32  31  30  29  28  27  26  25  24  23  22  21  20  19  18  17  16  15  14  13  12  11  10  9  8  7  6  5  4  3  2  1  0 
NAME: lin105 
nodo de inicio: 89 
alfa = 0.100000 
Distancia después de la construcción: 38124.300257 
Ruta: 
 89  104  103  102  101  100  99  98  97  96  95  94  93  92  91  90  88  87  86  85  84  83  82  81  80  79  78  77  76  75  74  73  72  71  70  69  68  67  66  65  64  63  62  61  60  59  58  57  56  55  54  53  52  51  50  49  48  47  46  45  44  43  42  41  40  39  38  37  36  35  34  33  32  31  30  29  28  27  26  25  24  23  22  21  20  19  18  17  16  15  14  13  12  11  10  9  8  7  6  5  4  3  2  1  0 
NAME: lin105 
nodo de inicio: 55 
alfa = 0.100000 
Distancia después de la construcción: 36432.157903 
Ruta: 
 55  104  103  102  101  100  99  98  97  96  95  94  93  92  91  90  89  88  87  86  85  84  83  82  81  80  79  78  77  76  75  74  73  72  71  70  69  68  67  66  65  64  63  62  61  60  59  58  57  56  54  53  52  51  50  49  48  47  46  45  44  43  42  41  40  39  38  37  36  35  34  33  32  31  30  29  28  27  26  25  24  23  22  21  20  19  18  17  16  15  14  13  12  11  10  9  8  7  6  5  4  3  2  1  0 
NAME: lin105 
nodo de inicio: 56 
alfa = 0.100000 
Distancia después de la construcción: 36551.909242 
Ruta: 
 56  104  103  102  101  100  99  98  97  96  95  94  93  92  91  90  89  88  87  86  85  84  83  82  81  80  79  78  77  76  75  74  73  72  71  70  69  68  67  66  65  64  63  62  61  60  59  58  57  55  54  53  52  51  50  49  48  47  46  45  44  43  42  41  40  39  38  37  36  35  34  33  32  31  30  29  28  27  26  25  24  23  22  21  20  19  18  17  16  15  14  13  12  11  10  9  8  7  6  5  4  3  2  1  0 
---------------------------------------------------------------------------------------------- 
NAME: lin105 
nodo de inicio: 56 
alfa = 0.100000 
Distancia después de la búsqueda local: 27930.129927 
Ruta: 
 39  32  103  56  90  101  100  97  92  96  95  94  99  98  91  88  89  93  86  87  85  83  84  82  81  77  78  76  70  71  79  74  80  67  66  68  72  75  73  69  65  64  63  104  61  62  60  59  58  54  55  49  53  52  57  51  45  50  46  48  47  44  43  40  42  41  38  37  34  33  36  35  31  30  28  21  20  22  26  25  24  23  27  29  102  19  18  17  16  13  12  8  7  11  14  9  10  6  5  15  4  3  2  0  1 
El mejor resultado obtenido en las iteraciones 35638.574993 
---------------------------------------------------------------------------------------------- 
