NAME : tsp225 
nodo de inicio: 3 alfa = 0.270948
La distancia en base al algoritmo constructivo: 10275.309688 
Distancia después de la búsqueda local: 5903.131262 
Ruta: 
 3  224  46  1  206  132  198  49  73  74  72  126  165  164  163  221  129  96  76  34  31  205  201  215  218  216  30  75  44  45  217  192  191  47  223  204  188  26  187  186  185  184  174  120  170  181  180  179  177  176  175  178  173  172  171  168  169  167  211  151  162  182  135  134  157  161  160  140  158  156  159  155  154  153  152  150  149  148  147  146  145  144  143  142  200  141  139  138  137  136  212  133  214  131  210  85  130  128  127  166  213  124  123  122  121  183  119  118  117  116  222  114  113  112  110  109  107  108  125  106  105  219  103  102  101  100  99  98  97  95  208  220  93  90  91  82  86  89  88  104  87  209  83  84  81  80  79  78  77  94  92  59  58  55  69  71  70  68  67  66  65  64  62  63  111  115  61  60  57  50  56  54  53  52  51  48  189  190  195  193  194  43  5  42  41  40  39  10  11  35  36  37  38  32  33  27  29  28  203  25  24  207  23  22  21  20  19  18  202  17  16  14  15  13  12  9  8  4  7  6  196  197  199  0  2 
NAME : tsp225 
nodo de inicio: 197 alfa = 0.935746
La distancia en base al algoritmo constructivo: 10206.636314 
Distancia después de la búsqueda local: 5874.307467 
Ruta: 
 197  48  46  1  206  132  49  75  74  73  72  126  165  164  163  221  129  80  78  27  201  205  31  30  216  215  218  223  190  204  191  192  195  189  224  188  26  187  186  185  184  174  120  170  181  180  179  177  176  175  178  173  172  171  168  169  167  211  151  162  182  135  134  157  161  160  140  158  156  159  155  154  153  152  150  149  148  147  146  145  144  143  142  200  141  139  138  137  136  212  133  214  131  210  85  130  128  127  166  213  124  123  122  121  183  119  118  117  116  222  114  113  112  110  109  107  108  125  106  105  219  103  102  101  100  99  98  97  96  95  208  93  90  91  82  86  89  88  104  87  209  83  84  81  220  79  77  76  94  92  59  58  55  69  71  70  68  67  66  65  64  62  63  111  115  61  60  57  50  56  54  53  52  51  198  47  44  194  217  193  45  43  42  41  40  39  10  11  35  36  37  38  32  34  33  29  28  203  25  24  207  23  22  21  20  19  18  202  17  16  14  15  13  12  9  8  4  7  6  5  2  199  0  3  196 
NAME : tsp225 
nodo de inicio: 217 alfa = 0.556932
La distancia en base al algoritmo constructivo: 9897.724511 
Distancia después de la búsqueda local: 5948.795736 
Ruta: 
 217  204  189  206  48  50  73  75  74  85  133  134  164  163  127  104  95  25  17  197  196  31  29  76  71  56  1  49  195  192  44  193  194  224  46  188  26  187  186  185  184  174  120  170  181  180  179  177  176  175  178  173  172  171  168  169  149  167  211  213  165  212  157  162  161  160  140  158  159  155  154  153  152  151  150  148  147  146  145  144  156  143  142  200  141  139  138  137  136  135  182  214  221  210  130  131  128  126  166  125  124  123  122  121  183  119  118  117  116  222  114  113  112  111  110  109  108  107  106  105  219  103  102  101  72  99  100  92  208  94  220  93  90  209  129  86  87  88  89  91  83  84  82  81  80  79  96  78  77  216  218  215  97  98  70  69  68  67  66  65  64  63  62  61  115  59  60  58  57  55  54  53  52  51  132  198  191  190  223  47  45  43  42  41  40  39  38  37  36  35  33  32  34  201  30  205  28  27  203  24  207  23  22  21  20  19  202  18  16  15  14  13  12  11  10  9  8  7  6  4  0  199  2  3  5 
NAME : tsp225 
nodo de inicio: 0 alfa = 0.945889
La distancia en base al algoritmo constructivo: 10341.573363 
Distancia después de la búsqueda local: 6010.247617 
Ruta: 
 0  224  46  1  206  132  198  49  73  74  72  164  134  133  163  221  129  96  76  34  31  205  201  215  218  216  30  75  44  45  217  192  191  47  223  204  188  26  187  186  185  184  174  120  170  181  180  179  177  176  175  178  173  172  171  168  169  167  211  151  166  165  212  157  159  158  140  160  161  162  156  155  152  154  153  150  149  148  147  146  145  144  143  142  200  141  139  138  137  136  135  182  214  131  210  85  130  128  127  126  213  124  123  122  121  183  119  118  117  116  222  114  113  112  110  109  107  108  125  106  105  219  103  102  101  100  99  98  97  95  208  220  93  90  91  82  86  89  88  104  87  209  83  84  81  80  79  78  77  94  92  59  58  55  69  71  70  68  67  66  65  64  62  63  111  115  61  60  57  50  56  54  53  52  51  48  189  190  195  193  194  196  43  42  41  40  39  10  11  35  36  37  38  32  33  27  29  28  203  25  24  207  23  22  21  20  19  18  202  17  16  14  15  13  12  9  7  8  5  6  4  197  3  2  199 
NAME : tsp225 
nodo de inicio: 214 alfa = 0.159008
La distancia en base al algoritmo constructivo: 10668.869627 
Distancia después de la búsqueda local: 6320.883223 
Ruta: 
 214  62  1  26  46  224  49  72  73  74  104  126  165  164  221  129  80  78  27  201  218  30  31  205  216  75  43  45  217  192  44  47  223  198  132  204  188  187  186  185  184  174  120  170  181  180  179  177  176  175  178  173  172  171  168  169  167  211  159  157  163  212  134  162  158  140  156  160  161  155  154  152  153  151  150  149  148  147  145  146  144  143  142  200  141  139  138  137  136  135  182  133  131  210  85  130  128  127  166  213  124  123  122  121  183  119  118  117  116  222  114  113  112  110  109  107  108  125  106  105  219  103  102  101  100  99  98  97  96  95  208  93  92  82  209  86  87  88  89  90  91  83  84  81  220  79  94  77  76  215  50  206  56  69  71  70  68  67  66  65  64  111  63  61  115  59  60  58  57  55  54  53  52  51  48  189  190  195  191  194  193  5  42  41  40  8  10  11  35  36  37  38  32  34  33  29  28  203  25  24  207  23  22  21  20  19  18  202  17  16  14  15  13  12  9  6  4  7  197  196  0  199  2  3  39 
--------------------------------------------------------------------------------------------------------------------------------------------------------------------------------------------------
NAME : a280 
nodo de inicio: 167 alfa = 0.440582
La distancia en base al algoritmo constructivo: 3959.077789 
Distancia después de la búsqueda local: 3496.883463 
Ruta: 
 167  277  278  3  276  275  274  273  272  271  270  269  268  267  136  266  138  137  265  264  263  262  261  260  259  258  257  256  255  254  253  252  249  250  229  230  228  208  251  248  247  246  245  239  244  243  242  241  240  238  237  231  236  235  234  233  232  227  226  225  224  223  222  221  220  219  218  217  216  215  212  214  213  210  211  206  209  207  205  204  203  202  201  200  198  144  145  143  199  197  196  195  194  193  192  191  190  189  188  187  186  185  184  183  182  181  180  179  178  177  150  176  118  156  157  158  173  172  171  170  169  105  106  168  166  165  164  163  162  161  160  174  159  175  155  152  154  153  151  149  148  147  146  142  141  140  139  135  134  133  132  131  18  19  129  130  20  127  128  126  125  124  123  122  121  120  119  117  116  115  114  113  112  111  110  109  108  107  104  103  102  91  101  100  99  98  97  93  92  96  95  94  79  90  89  88  87  86  85  64  84  83  82  81  80  78  77  76  74  73  75  72  71  70  69  68  67  66  65  63  62  61  60  59  43  58  57  56  44  55  54  53  52  48  51  50  49  47  46  45  42  41  40  39  38  37  36  35  34  33  32  31  30  29  28  27  26  25  21  22  23  24  17  16  15  14  13  12  11  10  9  8  7  6  5  4  2  279  0  1 
NAME : a280 
nodo de inicio: 172 alfa = 0.742909
La distancia en base al algoritmo constructivo: 4037.485924 
Distancia después de la búsqueda local: 3502.612654 
Ruta: 
 172  277  278  3  276  275  274  273  272  271  270  269  134  133  268  267  266  136  137  265  264  263  262  261  260  259  258  257  256  255  254  253  252  251  208  250  249  248  247  246  244  245  239  243  242  241  240  238  237  236  232  235  234  233  231  230  229  228  227  226  225  224  223  222  221  220  219  218  216  217  214  213  215  212  210  211  206  209  207  205  204  203  202  201  199  198  200  195  197  192  196  194  193  191  190  189  188  187  186  185  184  183  182  181  180  179  178  177  151  150  176  175  156  118  120  119  159  173  171  170  169  102  100  99  168  167  166  165  164  163  162  161  160  174  158  157  155  152  153  154  149  148  147  146  145  144  143  142  141  140  139  138  135  132  131  18  19  130  129  20  127  128  126  125  29  124  123  122  121  60  117  116  115  114  113  112  111  110  109  108  89  103  107  104  106  105  101  98  97  96  95  94  93  92  91  90  79  88  87  82  86  85  64  84  83  81  80  78  77  76  74  73  75  72  71  70  69  68  67  66  65  63  62  61  59  43  56  57  58  54  53  55  44  45  46  47  48  50  49  51  52  42  41  40  39  38  37  36  35  34  33  32  31  30  28  27  26  25  21  22  23  24  17  16  15  14  13  12  11  10  9  8  7  6  5  4  2  279  0  1 
NAME : a280 
nodo de inicio: 102 alfa = 0.902460
La distancia en base al algoritmo constructivo: 4013.532553 
Distancia después de la búsqueda local: 3464.782177 
Ruta: 
 102  277  278  3  276  275  274  273  272  271  270  269  133  134  268  267  136  266  137  265  264  263  262  261  260  259  258  257  256  255  254  253  251  252  207  208  209  226  227  228  229  250  249  248  247  246  244  245  239  243  242  241  240  238  237  236  235  234  233  232  231  230  225  223  224  222  218  221  220  219  216  217  214  215  212  213  210  211  206  205  204  203  202  201  199  200  197  198  144  145  146  142  143  196  195  194  193  192  191  190  189  188  187  186  185  184  183  182  181  180  179  178  177  151  155  150  176  175  174  173  172  170  171  169  168  99  167  166  165  164  163  162  161  160  159  158  157  156  152  154  153  149  148  138  147  141  140  139  135  132  131  130  129  20  127  128  126  125  29  124  123  122  121  120  119  118  60  117  116  115  114  113  112  111  110  109  108  107  106  105  104  103  101  100  98  97  96  95  94  93  92  91  90  89  88  87  82  86  85  64  84  83  81  80  79  78  77  76  74  75  73  72  71  70  69  68  67  66  65  63  62  61  58  57  56  46  45  44  43  55  54  53  52  48  49  50  51  47  42  59  41  40  39  38  37  36  35  34  33  32  31  30  28  27  26  25  21  22  23  24  19  18  17  16  15  14  13  12  11  10  9  8  7  6  5  4  2  279  0  1 
NAME : a280 
nodo de inicio: 277 alfa = 0.549048
La distancia en base al algoritmo constructivo: 3447.234171 
Distancia después de la búsqueda local: 3062.743395 
Ruta: 
 277  278  3  276  275  274  273  272  271  270  269  268  133  134  135  136  267  266  137  265  139  264  263  262  261  260  259  258  257  255  256  254  253  251  252  207  208  209  213  250  249  248  247  246  230  245  244  243  242  241  240  239  238  237  231  236  235  234  233  226  227  228  229  232  225  224  223  222  221  220  219  218  216  214  217  215  212  210  211  206  205  204  203  202  201  199  198  197  196  200  195  194  193  192  191  190  189  188  187  186  185  184  183  182  181  180  179  178  177  150  176  175  174  173  172  170  171  169  168  167  166  165  164  163  162  161  160  159  158  157  156  155  152  154  153  151  149  148  146  145  144  143  142  141  140  147  138  132  131  130  129  20  127  128  126  125  29  124  123  122  121  120  119  118  60  117  116  115  114  113  112  110  111  109  108  107  103  106  105  104  102  101  100  99  98  97  96  95  94  93  92  91  90  89  88  87  82  86  85  84  83  81  80  79  78  77  76  74  73  75  72  71  70  69  68  67  66  65  64  63  62  61  59  43  44  58  57  56  55  54  53  52  47  51  50  48  49  36  37  46  45  40  42  41  39  38  34  35  33  32  31  30  28  27  26  25  21  22  23  24  19  18  17  16  15  14  13  12  11  10  9  7  8  6  5  4  2  279  0  1 
NAME : a280 
nodo de inicio: 38 alfa = 0.905586
La distancia en base al algoritmo constructivo: 3769.284926 
Distancia después de la búsqueda local: 3423.507345 
Ruta: 
 38  277  278  3  276  275  274  273  272  271  270  269  268  267  135  136  266  137  139  265  264  263  262  261  260  259  258  257  256  255  254  253  252  251  250  249  248  247  246  244  245  230  237  238  239  243  242  241  240  231  236  232  235  234  233  226  228  229  227  224  225  223  222  221  220  219  218  216  214  217  215  212  213  210  211  206  209  208  207  205  204  203  202  201  195  200  199  198  197  196  194  193  192  191  190  189  188  187  186  185  184  183  182  181  180  179  178  176  150  151  177  175  174  173  172  105  171  170  169  168  100  102  101  167  166  165  164  163  162  161  160  159  158  157  156  154  153  152  155  149  148  138  140  147  146  145  144  143  142  141  134  133  132  131  130  129  19  20  127  128  126  125  124  123  122  121  120  119  118  117  116  115  114  113  112  111  110  109  108  107  106  104  103  99  98  97  96  95  94  93  92  91  90  89  88  87  82  86  85  84  83  81  80  79  78  77  76  74  75  73  72  71  70  69  68  67  66  65  64  63  62  61  60  59  42  44  58  57  56  43  55  54  53  52  51  50  49  48  47  46  45  41  40  39  37  36  35  34  33  32  31  29  30  28  27  26  25  21  22  23  24  18  17  16  15  14  13  12  11  10  9  7  8  6  5  4  0  1  279  2 
-------------------------------------------------------------------------------------------------------------------------------------------------------------------------------------------------
NAME: ch130 
nodo de inicio: 100 alfa = 0.332509
La distancia en base al algoritmo constructivo: 48331.649496 
Distancia después de la búsqueda local: 14341.538412 
Ruta: 
 100  23  115  105  34  79  19  3  52  119  121  46  22  39  50  41  43  17  116  111  104  15  0  129  16  33  60  108  75  72  74  51  56  55  64  73  57  48  59  9  13  54  37  78  99  14  88  31  112  53  20  84  65  27  4  63  68  85  25  127  70  38  40  44  10  87  123  128  61  114  124  89  101  5  90  71  98  8  81  102  26  106  126  42  103  67  62  6  96  69  18  94  76  80  11  86  91  28  93  118  110  35  83  97  47  24  109  32  36  21  107  82  113  2  49  1  45  92  120  77  58  29  7  125  66  12  95  117  30  122 
NAME: ch130 
nodo de inicio: 69 alfa = 0.102958
La distancia en base al algoritmo constructivo: 48138.358385 
Distancia después de la búsqueda local: 14856.442368 
Ruta: 
 69  96  1  79  3  37  110  122  100  81  54  12  66  22  46  21  17  2  116  111  61  104  10  75  4  44  15  127  105  91  71  72  74  73  98  90  121  9  13  95  36  19  53  30  33  40  0  103  26  14  99  113  84  65  27  114  63  68  85  28  11  86  70  38  123  87  6  25  128  60  108  20  101  5  119  51  8  56  55  97  47  24  109  23  78  18  42  106  126  129  49  115  94  64  76  118  35  83  31  112  88  80  102  93  67  62  117  45  125  77  89  124  58  120  39  48  57  32  29  82  107  7  92  50  59  52  41  43  34  16 
NAME: ch130 
nodo de inicio: 32 alfa = 0.322552
La distancia en base al algoritmo constructivo: 47585.298215 
Distancia después de la búsqueda local: 13589.412407 
Ruta: 
 32  13  9  21  36  19  34  11  86  94  78  117  3  43  79  49  129  127  111  104  4  10  123  69  62  67  24  30  115  14  23  28  80  72  98  90  71  46  39  22  20  45  42  6  68  44  15  40  0  126  116  29  89  84  65  124  58  17  113  1  103  106  60  108  75  63  85  87  25  96  128  16  92  101  5  74  51  64  55  8  56  102  81  100  93  88  18  99  26  33  53  52  119  59  50  41  31  112  35  83  118  76  110  122  47  97  109  37  105  57  48  91  73  54  121  95  12  66  61  27  114  82  125  120  77  7  107  2  38  70 
NAME: ch130 
nodo de inicio: 125 alfa = 0.703198
La distancia en base al algoritmo constructivo: 48056.709329 
Distancia después de la búsqueda local: 13634.995901 
Ruta: 
 125  114  27  61  15  16  102  55  56  105  45  113  82  111  116  129  38  104  127  10  4  75  128  123  47  24  14  23  76  100  81  8  51  74  90  119  57  52  71  48  91  68  85  6  67  97  83  35  31  42  33  0  40  26  18  94  115  99  53  34  117  30  126  69  96  25  87  63  60  108  44  49  101  5  98  73  72  86  11  80  109  62  106  103  43  21  120  89  124  58  29  2  41  50  59  64  110  122  118  112  88  93  28  78  37  3  92  32  20  19  79  1  70  46  121  54  66  12  77  65  84  95  13  9  22  39  36  17  107  7 
NAME: ch130 
nodo de inicio: 64 alfa = 0.815833
La distancia en base al algoritmo constructivo: 47869.168084 
Distancia después de la búsqueda local: 13889.134670 
Ruta: 
 64  11  86  53  2  116  38  40  85  87  44  127  114  82  16  99  30  33  104  111  61  4  10  15  70  107  20  12  95  5  101  90  98  73  74  80  94  78  34  1  49  129  123  63  68  6  24  31  23  105  119  50  92  29  27  58  120  32  115  18  108  75  0  126  106  103  69  96  25  60  128  14  28  93  88  109  42  26  113  89  124  65  84  77  125  7  45  19  17  117  79  3  57  48  71  51  55  76  118  35  83  112  97  67  47  62  39  46  21  36  102  110  122  100  81  8  56  72  41  43  22  66  9  13  121  54  59  52  37  91 
--------------------------------------------------------------------------------------------------------------------------------------------------------------------------------------------------
NAME : pr76 
nodo de inicio: 32 alfa = 0.476968
La distancia en base al algoritmo constructivo: 168125.878514 
Distancia después de la búsqueda local: 168125.878514 
Ruta: 
 32  75  74  73  72  71  70  69  68  67  66  65  64  63  62  61  60  59  58  57  56  55  54  53  52  51  50  49  48  47  46  45  44  43  42  41  40  39  38  37  36  35  34  33  31  30  29  28  27  26  25  24  23  22  21  20  19  18  17  16  15  14  13  12  11  10  9  8  7  6  5  4  3  2  1  0 
NAME : pr76 
nodo de inicio: 49 alfa = 0.286080
La distancia en base al algoritmo constructivo: 173950.198404 
Distancia después de la búsqueda local: 173950.198404 
Ruta: 
 49  75  74  73  72  71  70  69  68  67  66  65  64  63  62  61  60  59  58  57  56  55  54  53  52  51  50  48  47  46  45  44  43  42  41  40  39  38  37  36  35  34  33  32  31  30  29  28  27  26  25  24  23  22  21  20  19  18  17  16  15  14  13  12  11  10  9  8  7  6  5  4  3  2  1  0 
NAME : pr76 
nodo de inicio: 67 alfa = 0.892971
La distancia en base al algoritmo constructivo: 175558.228770 
Distancia después de la búsqueda local: 175558.228770 
Ruta: 
 67  75  74  73  72  71  70  69  68  66  65  64  63  62  61  60  59  58  57  56  55  54  53  52  51  50  49  48  47  46  45  44  43  42  41  40  39  38  37  36  35  34  33  32  31  30  29  28  27  26  25  24  23  22  21  20  19  18  17  16  15  14  13  12  11  10  9  8  7  6  5  4  3  2  1  0 
NAME : pr76 
nodo de inicio: 48 alfa = 0.937806
La distancia en base al algoritmo constructivo: 172794.574506 
Distancia después de la búsqueda local: 172794.574506 
Ruta: 
 48  75  74  73  72  71  70  69  68  67  66  65  64  63  62  61  60  59  58  57  56  55  54  53  52  51  50  49  47  46  45  44  43  42  41  40  39  38  37  36  35  34  33  32  31  30  29  28  27  26  25  24  23  22  21  20  19  18  17  16  15  14  13  12  11  10  9  8  7  6  5  4  3  2  1  0 
NAME : pr76 
nodo de inicio: 27 alfa = 0.282589
La distancia en base al algoritmo constructivo: 166453.373094 
Distancia después de la búsqueda local: 166453.373094 
Ruta: 
 27  75  74  73  72  71  70  69  68  67  66  65  64  63  62  61  60  59  58  57  56  55  54  53  52  51  50  49  48  47  46  45  44  43  42  41  40  39  38  37  36  35  34  33  32  31  30  29  28  26  25  24  23  22  21  20  19  18  17  16  15  14  13  12  11  10  9  8  7  6  5  4  3  2  1  0 
--------------------------------------------------------------------------------------------------------------------------------------------------------------------------------------------------
NAME: lin105 
nodo de inicio: 13 alfa = 0.157720
La distancia en base al algoritmo constructivo: 37478.327137 
Distancia después de la búsqueda local: 26748.743356 
Ruta: 
 13  35  103  45  90  101  100  97  92  96  95  94  99  98  91  88  89  93  86  87  85  83  84  82  81  77  78  76  70  71  79  74  80  67  66  68  72  75  73  69  65  64  63  58  56  59  60  62  61  104  55  54  49  53  57  52  51  47  48  39  44  43  50  46  41  40  42  38  37  34  33  36  32  31  30  28  21  20  22  26  25  24  23  27  29  102  19  18  17  16  15  2  0  1  5  6  10  9  14  11  4  3  8  7  12 
NAME: lin105 
nodo de inicio: 81 alfa = 0.489124
La distancia en base al algoritmo constructivo: 37605.668548 
Distancia después de la búsqueda local: 29479.595146 
Ruta: 
 81  58  44  49  90  101  100  97  92  96  95  94  99  98  91  88  89  93  86  87  85  83  84  82  77  78  76  70  71  79  74  80  67  66  68  72  75  73  69  65  64  63  104  61  62  60  59  57  56  55  54  53  52  51  45  43  47  48  39  32  103  50  46  42  41  40  38  37  34  33  36  35  31  30  28  21  20  22  26  25  24  23  27  29  102  19  18  17  16  13  12  8  7  11  14  9  10  6  5  15  4  3  2  0  1 
NAME: lin105 
nodo de inicio: 23 alfa = 0.781643
La distancia en base al algoritmo constructivo: 36592.244705 
Distancia después de la búsqueda local: 27733.904777 
Ruta: 
 23  32  103  45  90  101  100  97  92  96  95  94  99  98  91  88  89  93  86  87  85  83  84  82  81  77  78  76  70  71  79  74  80  67  66  68  72  75  73  69  65  64  63  58  56  59  60  62  61  104  55  54  49  53  57  52  51  47  48  39  44  43  50  46  41  40  42  38  37  34  33  36  35  31  30  28  21  20  22  26  25  24  27  29  102  19  18  17  16  13  12  8  7  11  14  9  10  6  5  15  4  3  2  0  1 
NAME: lin105 
nodo de inicio: 6 alfa = 0.345108
La distancia en base al algoritmo constructivo: 36453.171212 
Distancia después de la búsqueda local: 27037.827635 
Ruta: 
 6  31  103  48  90  101  100  97  92  96  95  94  99  98  91  88  89  93  86  87  85  83  84  82  81  77  78  76  70  71  79  74  80  67  66  68  72  75  73  69  65  64  63  58  56  59  60  62  61  104  55  54  49  53  57  52  51  47  44  39  46  50  43  40  41  45  42  38  37  34  33  36  35  32  30  28  21  20  22  26  25  24  23  27  29  102  11  15  17  16  13  12  18  19  14  10  9  7  8  4  3  2  1  0  5 
NAME: lin105 
nodo de inicio: 74 alfa = 0.553496
La distancia en base al algoritmo constructivo: 37633.020297 
Distancia después de la búsqueda local: 29241.358979 
Ruta: 
 74  49  44  58  90  101  100  97  92  96  95  94  99  98  91  88  89  93  86  87  85  83  84  82  81  77  78  67  70  71  75  79  76  66  68  72  80  73  69  65  64  63  104  61  62  60  59  57  56  55  54  53  52  51  45  43  47  48  39  32  103  50  46  42  41  40  38  37  34  33  36  35  31  30  28  21  20  22  26  25  24  23  27  29  102  19  18  17  16  13  12  8  7  11  14  9  10  6  5  15  4  3  2  0  1 
