pr76
[0, 21, 22, 20, 45, 24, 23, 44, 43, 47, 46, 68, 67, 69, 66, 49, 48, 51, 52, 53, 41, 42, 27, 28, 29, 30, 18, 19, 4, 5, 6, 73, 8, 9, 10, 11, 12, 13, 14, 15, 16, 17, 36, 35, 34, 33, 39, 40, 59, 58, 57, 56, 62, 63, 61, 60, 54, 55, 50, 65, 64, 70, 71, 72, 38, 37, 31, 32, 26, 25, 3, 2, 7, 74, 75, 1]
La distancia inicial era de:  153461.92250215414
El total de la solucion es:  132518.35959271394

lin105
[0, 1, 5, 6, 9, 10, 14, 102, 20, 21, 28, 31, 30, 29, 27, 22, 19, 18, 23, 26, 25, 24, 17, 15, 16, 8, 7, 2, 11, 32, 35, 36, 41, 42, 45, 51, 52, 57, 56, 53, 50, 46, 43, 40, 103, 39, 44, 47, 48, 49, 55, 54, 104, 61, 62, 69, 80, 74, 73, 68, 72, 75, 79, 78, 76, 71, 66, 67, 70, 77, 81, 82, 84, 83, 85, 88, 89, 98, 97, 92, 90, 91, 95, 96, 100, 101, 63, 58, 38, 37, 34, 33, 13, 4, 3, 12, 59, 60, 64, 65, 86, 87, 93, 99, 94]
La distancia inicial era de:  20362.75741726528
El total de la solucion es:  20055.215831787424

ch130
[0, 40, 38, 70, 129, 49, 1, 117, 79, 45, 19, 34, 53, 16, 33, 30, 26, 18, 99, 115, 23, 14, 28, 94, 78, 37, 105, 57, 48, 52, 119, 59, 50, 41, 43, 39, 46, 36, 21, 22, 121, 54, 13, 9, 95, 66, 12, 32, 20, 17, 7, 125, 113, 2, 82, 29, 58, 120, 77, 89, 124, 84, 65, 27, 114, 61, 104, 111, 116, 127, 15, 44, 75, 108, 60, 128, 123, 25, 96, 6, 69, 62, 67, 97, 109, 88, 93, 76, 102, 80, 86, 11, 64, 55, 56, 8, 51, 74, 73, 98, 72, 91, 71, 90, 5, 101, 3, 92, 107, 4, 10, 63, 68, 85, 87, 126, 106, 103, 42, 47, 24, 112, 31, 35, 83, 118, 110, 122, 100, 81]
La distancia inicial era de:  7575.286291798959
El total de la solucion es:  7478.118096165725

tsp225
[0, 199, 2, 197, 196, 3, 4, 5, 6, 7, 8, 9, 10, 11, 12, 13, 14, 15, 16, 17, 202, 18, 19, 20, 21, 22, 23, 207, 24, 32, 33, 34, 31, 29, 201, 205, 30, 215, 218, 216, 76, 77, 78, 80, 79, 94, 208, 93, 92, 95, 96, 97, 98, 99, 100, 101, 102, 103, 219, 104, 105, 106, 107, 108, 109, 110, 111, 112, 113, 114, 222, 115, 116, 186, 117, 118, 185, 184, 119, 174, 120, 121, 122, 123, 168, 167, 211, 213, 150, 149, 148, 151, 152, 153, 154, 155, 156, 143, 142, 200, 141, 140, 139, 138, 137, 136, 135, 182, 134, 157, 212, 163, 214, 133, 162, 161, 160, 159, 158, 144, 146, 145, 147, 166, 165, 164, 128, 131, 221, 129, 210, 130, 85, 84, 83, 82, 81, 220, 91, 90, 89, 209, 86, 87, 88, 66, 65, 64, 63, 62, 61, 60, 59, 58, 57, 56, 50, 48, 206, 1, 46, 224, 189, 132, 198, 223, 191, 195, 192, 217, 47, 44, 45, 193, 194, 42, 41, 40, 39, 38, 37, 36, 35, 25, 203, 27, 28, 75, 74, 73, 72, 71, 70, 69, 68, 67, 53, 52, 51, 54, 55, 49, 190, 204, 188, 26, 187, 183, 181, 172, 180, 173, 179, 178, 177, 176, 175, 171, 170, 169, 124, 125, 126, 127, 43]
La distancia inicial era de:  4774.841127464609
El total de la solucion es:  4598.009285776284

tsp280
[0, 1, 279, 2, 278, 277, 3, 276, 275, 274, 273, 272, 271, 270, 15, 16, 17, 132, 131, 18, 19, 20, 127, 126, 125, 124, 123, 122, 121, 120, 119, 118, 156, 157, 158, 159, 174, 160, 161, 162, 163, 164, 165, 166, 167, 168, 169, 170, 171, 172, 106, 105, 104, 103, 107, 109, 110, 113, 114, 116, 117, 60, 59, 42, 41, 40, 39, 38, 37, 36, 35, 34, 33, 32, 31, 30, 29, 28, 27, 26, 25, 21, 24, 22, 23, 13, 14, 12, 11, 10, 9, 8, 7, 6, 5, 4, 259, 260, 261, 262, 263, 264, 265, 266, 267, 268, 269, 133, 134, 135, 136, 137, 138, 139, 140, 146, 145, 199, 200, 197, 192, 196, 195, 194, 193, 191, 190, 189, 188, 187, 186, 185, 184, 183, 182, 181, 180, 179, 178, 175, 176, 150, 151, 155, 152, 154, 153, 128, 129, 130, 177, 149, 148, 147, 141, 142, 143, 201, 202, 203, 204, 205, 207, 252, 253, 256, 257, 258, 255, 254, 251, 208, 209, 210, 213, 214, 217, 218, 221, 220, 219, 216, 215, 212, 211, 206, 228, 229, 250, 249, 246, 244, 245, 238, 239, 240, 242, 241, 243, 247, 248, 230, 237, 236, 235, 234, 233, 232, 231, 227, 226, 225, 224, 223, 222, 198, 144, 173, 102, 101, 100, 99, 98, 97, 96, 95, 94, 93, 92, 91, 90, 89, 108, 88, 81, 75, 82, 83, 86, 112, 115, 85, 84, 64, 65, 66, 69, 70, 71, 72, 73, 74, 76, 77, 78, 79, 80, 87, 111, 61, 62, 63, 57, 58, 43, 44, 45, 54, 53, 52, 51, 50, 49, 48, 47, 46, 55, 56, 68, 67]
La distancia inicial era de:  3338.2753350866524
El total de la solucion es:  3238.8142491681538

