NAME : tsp225 
nodo de inicio: 41 
alfa = 0.100000 
La distancia en base al algoritmo constructivo: 10357.966065 
Distancia después de la búsqueda local: 6057.220060 
Ruta: 
 41  189  224  188  46  1  55  215  216  218  79  133  134  164  163  221  129  92  201  205  31  30  74  73  75  132  198  204  190  191  195  192  43  40  39  49  206  26  187  186  185  184  174  120  170  181  180  179  177  176  175  178  173  172  171  168  169  167  211  151  166  165  212  157  159  158  140  160  161  162  156  155  152  154  153  150  149  148  147  146  145  144  143  142  200  141  139  138  137  136  135  182  214  131  210  85  130  128  127  126  213  124  123  122  121  183  119  118  117  116  222  114  113  112  110  109  107  108  125  106  105  219  103  102  101  100  99  97  98  95  208  94  93  90  91  82  86  89  88  104  87  209  83  84  81  220  80  78  76  77  96  72  58  59  69  71  70  68  67  66  65  64  62  63  111  115  61  60  57  50  56  54  53  52  51  48  223  47  44  217  193  45  42  194  199  0  38  37  35  36  12  32  33  34  27  29  28  203  25  24  207  23  22  21  20  19  18  202  17  16  14  15  13  11  10  9  8  7  6  5  3  196  2  197  4 
NAME : tsp225 
nodo de inicio: 149 
alfa = 0.100000 
La distancia en base al algoritmo constructivo: 10720.321829 
Distancia después de la búsqueda local: 6337.028404 
Ruta: 
 149  110  187  1  46  224  132  49  73  74  72  164  134  133  163  221  129  96  76  34  31  205  201  215  218  216  30  75  44  45  217  192  191  47  223  198  204  188  26  186  185  184  174  120  170  181  180  179  177  176  175  178  173  172  171  168  169  167  211  151  166  165  212  157  159  158  140  160  161  162  156  155  152  154  153  150  148  147  146  145  144  143  142  200  141  139  138  137  136  135  182  214  131  210  85  130  128  127  126  213  124  123  122  121  183  119  118  117  116  222  114  113  112  111  109  107  108  125  106  105  219  103  102  101  100  99  98  97  95  208  220  93  90  91  82  86  89  88  104  87  209  83  84  81  80  79  78  77  94  92  56  206  50  69  71  70  68  67  66  65  64  63  62  61  115  59  60  58  57  55  54  53  52  51  48  189  190  195  193  194  4  5  42  41  40  39  10  11  35  36  37  38  32  33  27  29  28  203  25  24  207  23  22  21  20  19  18  202  17  16  14  15  13  12  9  6  8  7  197  196  0  199  2  3  43 
NAME : tsp225 
nodo de inicio: 64 
alfa = 0.100000 
La distancia en base al algoritmo constructivo: 10459.414472 
Distancia después de la búsqueda local: 6168.761445 
Ruta: 
 64  1  26  46  206  48  198  132  73  74  72  164  134  133  163  221  129  80  78  27  201  205  31  30  216  215  218  75  44  45  217  192  191  47  223  189  224  188  187  186  185  184  174  120  170  181  180  179  177  176  175  178  173  172  171  168  169  167  211  151  166  165  212  157  159  158  140  160  161  162  156  155  152  154  153  150  149  148  147  146  145  144  143  142  200  141  139  138  137  136  135  182  214  131  210  85  130  128  127  126  213  124  123  122  121  183  119  118  117  116  222  114  113  112  111  110  109  108  125  106  105  219  103  102  101  100  99  98  97  96  95  208  93  90  91  82  86  89  88  104  87  209  83  84  81  220  79  77  76  94  92  62  60  55  69  71  70  68  67  66  107  65  63  61  115  59  57  58  50  56  54  53  52  51  49  204  190  195  193  194  4  5  42  41  40  39  10  11  35  36  37  38  32  34  33  29  28  203  25  24  207  23  22  21  20  19  18  202  17  16  14  15  13  12  9  6  8  7  197  196  0  199  2  3  43 
NAME : tsp225 
nodo de inicio: 137 
alfa = 0.100000 
La distancia en base al algoritmo constructivo: 10878.614180 
Distancia después de la búsqueda local: 6519.638397 
Ruta: 
 137  106  1  26  46  224  132  49  73  74  72  164  134  133  163  221  129  80  78  27  201  205  31  30  216  215  218  75  44  45  217  192  191  47  223  198  204  188  187  186  185  184  119  118  183  181  180  179  177  176  175  178  173  172  171  170  169  168  167  151  166  165  212  157  159  158  140  160  161  162  156  155  152  154  153  150  149  148  147  146  145  144  143  142  200  141  139  138  136  135  182  214  131  210  85  130  128  127  126  125  124  123  122  121  174  120  114  117  116  222  61  113  112  111  110  211  213  108  107  105  219  103  102  101  100  99  98  97  96  95  208  93  90  91  82  86  89  88  104  87  209  83  84  81  220  79  77  76  94  92  56  206  50  69  71  70  68  67  66  65  64  109  63  62  115  59  60  58  57  55  54  53  52  51  48  189  190  195  193  194  4  5  42  41  40  39  10  11  35  36  37  38  32  34  33  29  28  203  25  24  207  23  22  21  20  19  18  202  17  16  14  15  13  12  9  6  8  7  197  196  0  199  2  3  43 
NAME : tsp225 
nodo de inicio: 216 
alfa = 0.100000 
La distancia en base al algoritmo constructivo: 10508.882044 
Distancia después de la búsqueda local: 5974.593190 
Ruta: 
 216  53  206  1  224  46  58  104  87  163  164  134  133  129  88  74  30  218  205  201  29  94  208  96  198  223  195  44  192  217  193  194  47  132  204  188  26  187  186  185  184  174  120  170  181  180  179  177  176  175  178  173  172  171  168  169  167  211  151  166  165  212  157  159  158  140  160  161  162  156  155  152  154  153  150  149  148  147  146  145  144  143  142  200  141  139  138  137  136  135  182  214  131  210  130  221  128  127  126  213  124  123  122  121  183  119  118  117  116  222  114  113  112  110  109  107  108  125  106  105  219  103  102  101  100  99  95  97  73  72  98  79  92  93  91  90  89  86  209  85  84  83  82  81  220  80  78  77  76  215  75  52  55  69  70  71  68  67  66  65  64  111  63  62  60  59  61  115  57  56  54  51  50  49  48  189  190  191  45  6  5  43  42  41  40  39  38  12  35  36  37  31  33  25  32  34  28  27  203  24  207  23  22  21  20  19  18  202  17  16  14  15  13  11  10  9  8  7  196  197  0  199  2  3  4 
NAME : a280 
nodo de inicio: 154 
alfa = 0.100000 
La distancia en base al algoritmo constructivo: 3619.980034 
Distancia después de la búsqueda local: 3299.130523 
Ruta: 
 154  277  278  3  276  275  274  273  272  271  270  269  268  267  136  266  265  139  264  263  262  261  260  259  258  257  255  256  254  253  251  208  250  249  248  247  246  244  245  238  239  243  242  241  240  237  236  235  234  233  232  231  230  229  228  227  226  225  224  223  222  221  220  219  218  217  214  216  215  213  212  211  210  209  206  207  252  205  204  203  202  201  195  200  199  144  198  197  196  194  193  192  191  190  189  188  187  186  185  184  183  182  181  180  179  178  177  150  176  156  157  158  174  173  172  105  171  170  169  168  99  167  166  165  164  163  162  161  160  159  175  153  152  155  151  149  148  137  138  147  146  145  143  142  141  140  135  134  133  132  131  18  19  130  129  20  127  128  126  125  124  123  122  121  120  119  118  60  59  117  116  115  114  113  112  110  111  109  108  107  103  102  104  106  101  100  98  97  92  96  95  94  93  91  90  89  88  87  82  86  85  64  84  83  81  80  79  78  75  77  76  74  73  72  71  70  69  68  67  66  65  63  62  61  58  57  42  44  43  56  55  54  45  46  47  53  52  51  50  49  48  41  40  39  38  37  36  35  34  33  32  31  30  29  28  27  26  25  21  22  23  24  17  16  15  14  13  12  11  10  9  8  7  6  5  4  0  1  279  2 
NAME : a280 
nodo de inicio: 55 
alfa = 0.100000 
La distancia en base al algoritmo constructivo: 4027.783947 
Distancia después de la búsqueda local: 3568.464856 
Ruta: 
 55  277  278  3  276  275  274  273  272  271  270  269  268  133  134  135  267  266  265  139  140  264  263  262  261  260  259  258  257  255  256  254  253  252  251  210  228  231  230  229  250  249  248  247  246  244  245  238  239  243  242  241  240  237  236  235  234  233  232  227  226  224  225  223  222  221  220  219  218  217  216  215  212  214  213  211  209  208  207  206  205  204  203  202  201  200  196  197  198  144  199  195  194  193  192  191  190  189  188  187  186  185  184  183  182  181  180  175  179  178  177  176  150  151  156  118  119  114  113  174  173  172  105  171  170  169  168  167  166  165  164  163  162  161  160  159  158  157  154  153  152  155  149  148  138  147  146  145  143  142  141  137  136  131  132  17  18  19  129  130  20  127  128  126  125  124  123  120  122  121  59  117  116  115  85  112  111  110  109  108  107  106  104  103  102  101  100  99  98  97  96  95  94  93  92  91  90  89  88  87  82  84  83  86  81  80  79  78  75  77  76  74  73  72  71  70  69  68  67  66  65  64  63  62  61  60  58  57  56  54  53  52  51  48  50  49  47  46  45  44  43  42  41  40  39  38  37  36  35  34  33  32  31  30  29  28  27  26  25  21  22  24  23  16  15  14  13  12  11  10  9  7  8  6  5  4  0  1  279  2 
NAME : a280 
nodo de inicio: 101 
alfa = 0.100000 
La distancia en base al algoritmo constructivo: 3710.093726 
Distancia después de la búsqueda local: 3448.875187 
Ruta: 
 101  277  278  3  276  275  274  273  272  271  270  269  133  268  267  266  265  139  140  138  137  264  263  262  261  260  259  258  257  256  255  254  253  252  251  208  250  249  248  247  246  244  245  239  243  242  241  240  238  237  236  235  234  233  232  231  230  229  228  227  226  225  224  223  222  221  220  219  218  216  214  217  215  212  213  210  211  209  207  206  205  204  203  202  201  200  199  196  197  198  195  194  193  192  191  190  189  188  187  186  185  184  183  182  181  180  179  178  177  150  176  175  174  173  172  105  171  170  169  168  167  166  165  164  163  162  161  160  159  158  157  156  155  152  154  153  151  149  148  146  145  143  144  142  141  147  136  135  134  132  131  17  130  19  20  129  128  127  126  125  124  29  28  123  122  121  120  119  118  117  116  115  114  113  112  110  111  109  108  107  106  104  103  102  100  99  98  97  92  96  95  94  93  91  90  89  88  87  86  85  84  83  82  81  80  79  78  77  76  74  75  73  72  71  70  69  68  67  66  65  64  63  62  61  60  59  42  41  58  57  56  55  43  44  45  54  53  52  51  48  50  49  47  46  40  39  38  37  36  35  34  33  32  30  31  27  26  25  21  22  23  24  18  16  15  14  13  12  11  10  9  7  8  6  5  4  2  279  0  1 
NAME : a280 
nodo de inicio: 108 
alfa = 0.100000 
La distancia en base al algoritmo constructivo: 3984.636193 
Distancia después de la búsqueda local: 3559.803440 
Ruta: 
 108  277  278  3  276  275  274  273  272  271  270  269  268  133  134  135  267  266  265  264  263  262  261  260  259  258  257  256  255  254  253  252  251  210  227  228  230  229  250  249  248  247  246  245  239  244  243  242  241  240  238  237  236  231  232  235  234  233  226  224  225  223  222  221  220  219  218  217  216  215  214  213  212  211  209  208  207  206  205  204  203  202  201  199  143  144  198  200  195  197  192  196  194  193  191  190  189  188  187  186  185  184  183  182  181  180  179  178  177  176  118  156  157  158  173  172  170  171  169  102  100  99  168  167  166  165  164  163  162  161  160  174  159  175  155  152  154  153  151  150  149  148  137  138  139  147  146  145  141  142  140  136  132  131  130  129  128  127  126  125  124  29  28  123  122  121  120  119  117  116  115  114  113  112  111  110  109  107  89  103  104  106  105  101  98  97  96  95  94  93  92  91  90  79  88  87  82  86  85  84  83  81  80  78  75  77  76  74  73  72  71  70  69  68  67  66  65  64  63  62  61  60  59  58  43  57  56  55  54  46  53  52  51  50  49  48  47  39  45  44  42  41  40  38  37  36  35  34  33  32  30  31  27  26  25  21  22  23  24  20  19  18  17  16  15  14  13  12  11  10  9  8  7  6  5  4  2  279  0  1 
NAME : a280 
nodo de inicio: 186 
alfa = 0.100000 
La distancia en base al algoritmo constructivo: 3651.607336 
Distancia después de la búsqueda local: 3343.262124 
Ruta: 
 186  277  278  3  276  275  274  273  272  271  270  269  268  133  134  135  267  136  266  264  263  262  261  260  259  258  257  256  255  254  253  252  208  251  229  250  249  248  247  246  230  245  244  243  242  241  240  239  238  237  236  231  232  235  234  233  225  226  228  227  224  223  222  221  220  219  218  216  217  214  215  212  213  211  210  209  207  206  205  204  203  202  201  199  142  143  198  144  200  197  196  195  194  193  192  191  190  189  188  187  185  184  183  182  181  180  175  179  178  177  150  176  159  173  172  171  170  169  168  167  166  165  164  163  162  161  160  174  158  157  156  118  155  152  154  153  151  149  148  147  138  139  140  141  145  146  265  137  132  131  130  129  20  127  128  126  125  124  123  122  121  120  119  60  117  116  115  114  113  112  110  111  109  108  107  103  106  105  104  102  101  100  99  98  97  92  96  95  94  93  91  90  89  88  87  86  85  64  84  83  82  81  80  79  78  75  77  76  74  73  72  71  70  69  68  67  66  65  63  62  61  59  58  43  57  56  55  54  53  47  46  52  51  50  49  48  45  44  42  41  40  39  38  37  36  35  34  33  32  31  30  29  28  27  26  25  21  22  23  24  19  18  17  16  15  14  13  12  11  10  9  8  7  6  5  4  2  279  0  1 
NAME: ch130 
nodo de inicio: 86 
alfa = 0.100000 
La distancia en base al algoritmo constructivo: 47434.353577 
Distancia después de la búsqueda local: 13245.646308 
Ruta: 
 86  105  50  59  54  13  78  11  91  74  73  71  48  113  29  58  65  84  124  89  27  104  15  0  30  16  99  94  28  80  102  51  8  72  98  90  121  9  95  12  66  20  44  63  85  6  69  93  76  18  129  82  116  111  61  114  70  38  40  127  4  10  108  75  123  87  68  25  96  128  60  45  101  5  100  122  110  56  55  64  81  109  67  62  42  103  33  106  126  49  34  41  43  3  115  23  14  88  112  35  118  83  31  47  24  97  26  22  46  36  117  53  1  79  19  92  21  32  17  107  7  2  125  120  77  39  119  52  57  37 
NAME: ch130 
nodo de inicio: 34 
alfa = 0.100000 
La distancia en base al algoritmo constructivo: 47779.945822 
Distancia después de la búsqueda local: 14007.533256 
Ruta: 
 34  52  54  13  9  50  110  122  100  56  71  119  22  125  129  49  114  27  111  61  4  10  108  75  0  40  30  33  99  94  11  86  72  73  74  51  91  78  37  105  36  20  92  43  41  63  68  85  87  112  93  53  113  82  89  58  120  45  79  1  38  104  60  123  25  6  62  96  69  128  127  116  2  101  5  90  98  8  55  81  64  109  97  67  42  103  70  15  44  126  106  26  18  14  115  23  83  35  31  88  28  80  102  76  118  47  24  16  29  124  84  65  77  59  48  57  3  17  7  107  32  39  121  95  66  12  21  46  19  117 
NAME: ch130 
nodo de inicio: 51 
alfa = 0.100000 
La distancia en base al algoritmo constructivo: 48194.509418 
Distancia después de la búsqueda local: 15068.980012 
Ruta: 
 51  74  121  54  39  127  4  44  94  8  55  56  92  20  58  84  65  114  61  111  82  116  38  34  3  52  105  37  78  91  11  86  80  64  72  90  101  9  66  95  13  22  117  63  68  85  87  67  112  31  35  125  77  120  12  5  71  98  73  119  43  89  124  27  75  10  25  6  69  96  123  60  108  128  126  33  41  50  59  48  57  109  97  42  106  103  62  28  23  115  30  99  14  102  122  100  81  110  118  83  76  88  93  24  47  18  26  16  113  29  104  15  0  49  36  46  21  17  70  40  129  2  107  7  32  19  45  79  1  53 
NAME: ch130 
nodo de inicio: 90 
alfa = 0.100000 
La distancia en base al algoritmo constructivo: 48502.401712 
Distancia después de la búsqueda local: 13859.536082 
Ruta: 
 90  43  92  65  84  38  70  26  105  71  5  101  54  121  46  21  22  32  120  29  114  27  61  15  127  104  0  33  23  78  88  97  47  67  62  103  126  1  7  89  124  4  60  68  85  6  24  31  109  53  117  19  41  50  59  119  72  98  73  30  44  75  10  108  128  25  87  63  123  96  69  112  76  55  81  56  8  51  74  64  28  106  42  18  14  34  45  17  107  58  77  39  52  57  48  37  93  118  83  35  80  11  86  102  100  110  122  3  20  125  113  82  111  116  40  12  95  66  13  9  36  79  49  129  2  16  99  115  94  91 
NAME: ch130 
nodo de inicio: 27 
alfa = 0.100000 
La distancia en base al algoritmo constructivo: 47327.609462 
Distancia después de la búsqueda local: 14371.931165 
Ruta: 
 27  63  40  116  82  113  17  86  100  110  118  14  41  43  21  46  36  20  125  111  104  127  15  2  107  7  3  91  64  55  73  72  57  48  52  50  59  9  13  39  92  19  117  53  16  18  28  88  93  76  102  23  30  99  78  37  11  94  115  26  128  75  44  61  4  10  108  60  123  25  96  34  105  80  122  81  8  56  51  74  98  109  67  24  47  69  38  70  87  68  85  6  62  71  90  119  33  126  103  42  31  35  83  112  97  106  0  114  65  84  49  129  1  79  45  95  66  12  77  124  89  120  22  101  5  121  54  32  29  58 
NAME : pr76 
nodo de inicio: 72 
alfa = 0.100000 
La distancia en base al algoritmo constructivo: 188425.713300 
Distancia después de la búsqueda local: 184482.964702 
Ruta: 
 72  73  74  75  0  70  69  68  67  66  65  64  63  62  61  60  59  58  57  56  55  54  53  52  51  50  49  48  47  46  45  44  43  42  41  40  39  38  37  36  35  34  33  32  31  30  29  28  27  26  25  24  23  22  21  20  19  18  17  16  15  14  13  12  11  10  9  8  7  6  5  4  3  2  1  71 
NAME : pr76 
nodo de inicio: 13 
alfa = 0.100000 
La distancia en base al algoritmo constructivo: 165405.984075 
Distancia después de la búsqueda local: 160033.065419 
Ruta: 
 13  75  74  0  72  71  70  69  68  67  66  65  64  63  62  61  60  59  58  57  56  55  54  53  52  51  50  49  48  47  46  45  44  43  42  41  40  39  38  37  36  35  34  33  32  31  30  29  28  27  26  25  24  23  22  21  20  19  18  17  16  15  14  12  11  10  9  8  7  6  5  4  3  2  1  73 
NAME : pr76 
nodo de inicio: 22 
alfa = 0.100000 
La distancia en base al algoritmo constructivo: 151491.613189 
Distancia después de la búsqueda local: 151491.613189 
Ruta: 
 22  75  74  73  72  71  70  69  68  67  66  65  64  63  62  61  60  59  58  57  56  55  54  53  52  51  50  49  48  47  46  45  44  43  42  41  40  39  38  37  36  35  34  33  32  31  30  29  28  27  26  25  24  23  21  20  19  18  17  16  15  14  13  12  11  10  9  8  7  6  5  4  3  2  1  0 
NAME : pr76 
nodo de inicio: 55 
alfa = 0.100000 
La distancia en base al algoritmo constructivo: 176026.875314 
Distancia después de la búsqueda local: 176026.875314 
Ruta: 
 55  75  74  73  72  71  70  69  68  67  66  65  64  63  62  61  60  59  58  57  56  54  53  52  51  50  49  48  47  46  45  44  43  42  41  40  39  38  37  36  35  34  33  32  31  30  29  28  27  26  25  24  23  22  21  20  19  18  17  16  15  14  13  12  11  10  9  8  7  6  5  4  3  2  1  0 
NAME : pr76 
nodo de inicio: 1 
alfa = 0.100000 
La distancia en base al algoritmo constructivo: 151587.463865 
Distancia después de la búsqueda local: 151587.463865 
Ruta: 
 1  75  74  73  72  71  70  69  68  67  66  65  64  63  62  61  60  59  58  57  56  55  54  53  52  51  50  49  48  47  46  45  44  43  42  41  40  39  38  37  36  35  34  33  32  31  30  29  28  27  26  25  24  23  22  21  20  19  18  17  16  15  14  13  12  11  10  9  8  7  6  5  4  3  2  0 
NAME: lin105 
nodo de inicio: 61 
alfa = 0.100000 
La distancia en base al algoritmo constructivo: 36757.766421 
Distancia después de la búsqueda local: 28764.338525 
Ruta: 
 61  49  44  58  90  101  100  97  92  96  95  94  99  98  91  88  89  93  86  87  85  83  84  82  81  77  78  76  70  71  79  74  80  67  66  68  72  75  73  69  65  64  63  104  62  60  59  57  56  55  54  53  52  51  45  43  47  48  39  32  103  50  46  42  41  40  38  37  34  33  36  35  31  30  28  21  20  22  26  25  24  23  27  29  102  19  18  17  16  13  12  8  7  11  14  9  10  6  5  15  4  3  2  0  1 
NAME: lin105 
nodo de inicio: 100 
alfa = 0.100000 
La distancia en base al algoritmo constructivo: 39006.836327 
Distancia después de la búsqueda local: 29716.878312 
Ruta: 
 100  58  44  49  94  99  98  97  90  95  96  101  92  91  85  88  93  86  87  89  83  84  82  81  77  78  76  70  71  79  74  80  67  66  68  72  75  73  69  65  64  63  104  61  62  60  59  57  56  55  54  53  52  51  45  43  47  48  39  32  103  50  46  42  41  40  38  37  34  33  36  35  31  30  28  21  20  22  26  25  24  23  27  29  102  19  18  17  16  13  12  8  7  11  14  9  10  6  5  15  4  3  2  0  1 
NAME: lin105 
nodo de inicio: 101 
alfa = 0.100000 
La distancia en base al algoritmo constructivo: 39036.603719 
Distancia después de la búsqueda local: 29109.870366 
Ruta: 
 101  58  44  49  94  99  98  97  92  100  96  95  91  90  85  89  87  86  93  88  83  84  82  81  77  78  76  70  71  79  74  80  67  66  68  72  75  73  69  65  64  63  104  61  62  60  59  57  56  55  54  53  52  51  45  43  47  48  39  32  103  50  46  42  41  40  38  37  34  33  36  35  31  30  28  21  20  22  26  25  24  23  27  29  102  19  18  17  16  13  12  8  7  11  14  9  10  6  5  15  4  3  2  0  1 
NAME: lin105 
nodo de inicio: 96 
alfa = 0.100000 
La distancia en base al algoritmo constructivo: 38774.700037 
Distancia después de la búsqueda local: 29636.676992 
Ruta: 
 96  49  44  58  95  101  100  98  97  99  94  92  90  91  88  89  93  86  87  85  83  84  82  81  77  78  76  70  71  79  74  80  67  66  68  72  75  73  69  65  64  63  104  61  62  60  59  57  56  55  54  53  52  51  45  43  47  48  39  32  103  50  46  42  41  40  38  37  34  33  36  35  31  30  28  21  20  22  26  25  24  23  27  29  102  19  18  17  16  13  12  8  7  11  14  9  10  6  5  15  4  3  2  0  1 
NAME: lin105 
nodo de inicio: 25 
alfa = 0.100000 
La distancia en base al algoritmo constructivo: 36684.729147 
Distancia después de la búsqueda local: 27457.339956 
Ruta: 
 25  32  103  45  90  101  100  97  92  96  95  94  99  98  91  88  89  93  86  87  85  83  84  82  81  77  78  76  70  71  79  74  80  67  66  68  72  75  73  69  65  64  63  58  56  59  60  62  61  104  55  54  49  53  57  52  51  47  48  39  44  43  50  46  41  40  42  38  37  34  33  36  35  31  30  28  21  20  19  22  18  23  27  102  29  26  24  17  16  13  12  8  7  0  14  9  10  6  5  1  2  3  4  11  15 
NAME : tsp225 
nodo de inicio: 204 
alfa = 0.100000 
Distancia después de la búsqueda local: 9943.514319 
Ruta: 
 204  224  223  222  221  220  219  218  217  216  215  214  213  212  211  210  209  208  207  206  205  203  202  201  200  199  198  197  196  195  194  193  192  191  190  189  188  187  186  185  184  183  182  181  180  179  178  177  176  175  174  173  172  171  170  169  168  167  166  165  164  163  162  161  160  159  158  157  156  155  154  153  152  151  150  149  148  147  146  145  144  143  142  141  140  139  138  137  136  135  134  133  132  131  130  129  128  127  126  125  124  123  122  121  120  119  118  117  116  115  114  113  112  111  110  109  108  107  106  105  104  103  102  101  100  99  98  97  96  95  94  93  92  91  90  89  88  87  86  85  84  83  82  81  80  79  78  77  76  75  74  73  72  71  70  69  68  67  66  65  64  63  62  61  60  59  58  57  56  55  54  53  52  51  50  49  48  47  46  45  44  43  42  41  40  39  38  37  36  35  34  33  32  31  30  29  28  27  26  25  24  23  22  21  20  19  18  17  16  15  14  13  12  11  10  9  8  7  6  5  4  3  2  1  0 
NAME : tsp225 
nodo de inicio: 215 
alfa = 0.100000 
Distancia después de la búsqueda local: 10400.045749 
Ruta: 
 215  224  223  222  221  220  219  218  217  216  214  213  212  211  210  209  208  207  206  205  204  203  202  201  200  199  198  197  196  195  194  193  192  191  190  189  188  187  186  185  184  183  182  181  180  179  178  177  176  175  174  173  172  171  170  169  168  167  166  165  164  163  162  157  161  160  159  158  156  155  154  153  152  151  150  149  148  147  146  145  144  143  142  141  140  139  138  137  136  135  134  133  132  131  130  129  128  127  126  125  124  123  122  121  120  119  118  117  116  115  114  113  112  111  110  109  108  107  106  105  104  103  102  101  100  99  98  97  96  95  94  93  92  91  90  89  88  87  86  85  84  83  82  81  80  79  78  77  76  75  74  73  72  71  70  69  68  67  66  65  64  63  62  61  60  59  58  57  56  55  54  53  52  51  50  49  48  47  46  45  44  43  42  41  40  39  38  37  36  35  34  33  32  31  30  29  28  27  26  25  24  23  22  21  20  19  18  17  16  15  14  13  12  11  10  9  8  7  6  5  4  3  2  1  0 
NAME : tsp225 
nodo de inicio: 19 
alfa = 0.100000 
Distancia después de la búsqueda local: 10541.659894 
Ruta: 
 19  224  223  222  221  220  219  218  217  216  215  214  213  212  211  210  209  208  207  206  205  204  203  202  201  200  199  198  197  196  195  194  193  192  191  190  189  188  187  186  185  184  183  182  181  180  179  178  177  176  175  174  173  172  171  170  169  168  167  166  165  164  163  162  161  160  159  158  157  156  155  154  153  152  151  150  149  148  147  146  145  144  143  142  141  140  139  138  137  136  135  134  133  132  131  130  129  128  127  126  125  124  123  122  121  120  119  118  117  116  115  114  113  112  111  110  109  108  107  106  105  104  103  102  101  100  99  98  97  96  95  94  93  92  91  90  89  88  87  86  85  84  83  82  81  80  79  78  77  76  75  74  73  72  71  70  69  68  67  66  65  64  63  62  61  60  59  58  57  56  55  54  53  52  51  50  49  48  47  46  45  44  43  42  41  40  39  38  37  36  35  34  33  32  31  30  29  28  27  26  25  24  23  22  21  20  18  17  16  15  14  13  12  11  10  9  8  7  6  5  4  3  2  1  0 
holaNAME : pr76 
nodo de inicio: 58 
alfa = 0.100000 
Distancia después de la búsqueda local: 158976.886858 
Ruta: 
 4  75  74  73  72  71  70  69  68  67  66  65  64  63  62  61  60  59  58  57  56  55  54  53  52  51  50  49  48  47  46  45  44  43  42  41  40  39  38  37  36  35  34  33  32  31  30  29  28  27  26  25  24  23  22  21  20  19  18  17  16  15  14  13  12  11  10  9  8  7  6  5  2  0  1  3 
holaNAME : pr76 
nodo de inicio: 62 
alfa = 0.100000 
Distancia después de la búsqueda local: 160851.128882 
Ruta: 
 19  75  74  73  72  71  70  69  68  67  66  65  64  63  62  61  60  59  58  57  56  55  54  53  52  51  50  49  48  47  46  45  44  43  42  41  40  39  38  37  36  35  34  33  32  31  30  29  28  27  26  25  24  23  22  21  20  18  17  16  15  14  13  12  11  10  9  8  7  6  5  4  2  0  1  3 
